0,0.6948545,0.49717966,0.76933455,0.5020224,0.6915529,0.15190491,0.3683573,0.4573243,0.38868704,0.61296445
1,0.19891976,0.85238326,0.77551544,0.1117353,0.8863399,0.81166553,0.23172776,0.35037902,0.20928627,0.527438
2,0.6605634,0.71711004,0.28071874,0.8315411,0.50896645,0.3082764,0.58465594,0.24252531,0.35734484,0.71252316
3,0.56756276,0.8759413,0.08365055,0.11139505,0.50184494,0.4561512,0.8974783,0.3229714,0.741953,0.21078694
4,0.12357977,0.5006734,0.43283224,0.62875134,0.3905506,0.39835203,0.1781273,0.6969358,0.5628726,0.28784373
5,0.6488961,0.6826487,0.46841097,0.5951432,0.7475922,0.63838005,0.054472487,0.32264352,0.41287437,0.88822937
6,0.28515247,0.21944621,0.18728486,0.6666412,0.848839,0.4409425,0.06907835,0.06865806,0.21408838,0.41423857
7,0.6703071,0.015247732,0.69503236,0.17930068,0.49783656,0.03961706,0.20408252,0.575854,0.8549883,0.69196856
8,0.8036593,0.49311003,0.7432231,0.40081576,0.23074202,0.7128381,0.1132356,0.40531474,0.010898196,0.737301
9,0.5390276,0.13443708,0.81387615,0.52984697,0.7145908,0.43334985,0.8976035,0.015196005,0.9061253,0.3095698
10,0.071582645,0.59664947,0.72160465,0.57198787,0.6682784,0.2380502,0.15393145,0.8075297,0.21841618,0.29027033
11,0.030297697,0.27510163,0.25369802,0.6971747,0.8622867,0.65031123,0.057952445,0.2454366,0.056775868,0.80310667
12,0.8731228,0.5575361,0.48141122,0.89198655,0.5197808,0.31207418,0.05130888,0.12641327,0.3246128,0.2879621
13,0.015515067,0.13906668,0.84152806,0.06958606,0.1137147,0.46031463,0.12514538,0.8901319,0.60981226,0.060044065
14,0.40394157,0.6560346,0.90002185,0.6331385,0.17792805,0.06925624,0.7019843,0.16210489,0.39930764,0.3340899
15,0.7868989,0.6543967,0.5351887,0.78121275,0.75361884,0.02589275,0.2511556,0.85308707,0.25154856,0.7253685
16,0.4246337,0.09327023,0.18369919,0.7256753,0.56537277,0.24747607,0.50542635,0.19054866,0.9039822,7.7260495E-4
17,1.2800815,0.93259245,0.5437629,0.83321863,0.99808633,0.3549764,0.63422805,0.44982293,0.90477717,0.79306793
18,0.6637006,0.92697465,0.978753,0.7898141,0.7407302,0.80703235,0.73482305,0.72924465,1.2006942,0.7613821
19,1.1290895,0.76252216,1.023557,0.5089678,0.9701762,0.51915497,0.5424618,1.2204385,1.0864428,1.0208315
20,0.65049267,0.9138743,1.1593436,0.25445488,0.43225062,0.3397939,0.8453465,0.8072924,0.7599767,0.18320581
21,0.8253162,0.67563874,1.1229715,0.45978978,0.6388337,1.1022174,0.48773265,0.51815903,0.52315587,0.83556205
22,0.8333545,0.92765105,0.7054841,0.38014564,1.0647421,0.31080434,0.50186956,0.43650764,0.6589588,0.49871618
23,0.5917384,0.29620534,0.2984268,0.40173665,0.45894244,0.48202518,0.052762307,0.4785433,0.8911358,0.5724402
24,0.6823005,1.5179479,0.73537564,0.7030882,1.381357,0.75097007,1.2695856,0.8089539,1.1900337,0.26724094
25,0.38424477,0.7631569,0.67170906,0.9492862,1.1213366,1.2445378,0.39647487,1.1188847,0.71806145,0.6888405
26,0.80521774,0.48677233,0.651734,0.2253739,0.86360866,0.49331123,0.4742303,0.21093711,0.8505966,0.08839371
27,0.46540496,0.22712404,0.96539766,0.41394073,0.5822359,0.8051994,0.42911166,0.37235057,0.17882003,0.76291925
28,0.17492162,0.8023313,0.5556704,0.4074673,0.4055085,0.30696568,0.2826614,0.63200563,1.1162189,1.0489815
29,0.5729938,0.30398333,0.92237836,0.94017136,0.41076463,0.22627231,0.458645,0.7476994,1.0077451,0.746282
30,0.77071375,1.2281799,1.333863,0.5356093,0.62298983,0.7210389,0.8175405,0.7601899,1.4100615,0.45351237
31,0.6924808,0.51832896,0.46364686,1.0222901,0.75377893,0.97841954,0.50318646,0.5186349,0.47513986,0.81326085
32,0.19544856,0.48439816,0.8232536,0.1495925,0.33661574,0.5500905,0.11266336,0.42231575,0.50450635,0.62688607
33,0.48016858,0.71834576,0.5707955,0.35233065,0.7980699,0.49443364,1.1554666,1.1910983,0.7408925,1.1439875
34,0.47143126,0.32074636,0.40896523,0.6043295,0.51698875,0.9233892,0.19338451,0.4432564,0.39797977,0.4358353
35,0.8123977,0.22597817,0.80734277,0.22462976,0.7842771,0.3208952,1.140925,0.5442241,0.99196976,0.89356285
36,0.48919818,0.17160854,0.13676989,0.47491473,0.80810034,0.20208937,0.848359,0.71793425,0.1884084,0.024061667
37,0.91790664,0.88027173,0.44792488,0.3002448,0.47954533,0.7286036,0.46481794,0.6905399,0.5617402,0.0093641495
38,0.74836165,0.44323722,0.381771,0.61116517,0.42558765,0.55220884,0.6207649,0.91639084,0.9012887,0.6905839
39,0.40417358,0.40550205,0.21732025,0.5394781,0.046745196,0.31775144,0.46844056,0.33544064,0.13075405,0.02725673
40,0.13812563,0.49498466,0.013868837,0.7843004,0.5215136,0.61000407,0.046826646,9.2924474E-4,0.16543967,0.5442928
41,0.34188917,0.22204614,0.40353242,0.1411651,0.13967821,0.5180118,0.35308215,0.63408303,0.44121352,0.17734002
42,0.25222912,0.8704476,0.13415234,0.5977803,0.6673963,0.19860514,0.25088188,0.5913101,0.27848402,0.5433348
43,0.41481778,0.13273957,0.3316837,0.5563892,0.3271431,0.2004399,0.3094034,0.56857264,0.09517798,0.8386499
44,0.60961545,1.0133355,0.5632169,1.0863048,0.46493447,0.26046428,0.91995114,0.46513882,0.99066263,0.5317205
45,0.48658028,0.39682537,0.285399,0.6573027,0.9304381,0.82428735,0.8000805,0.17252886,0.69629985,0.29531994
46,0.85250276,0.49099606,0.5941523,0.43240476,0.31932917,0.36217356,0.45080537,0.27581665,0.84979093,0.18232676
47,0.24191146,0.86906314,0.8838374,0.395831,0.34054288,0.09080252,0.41848743,0.9439972,0.43732733,0.3169195
48,0.031973377,0.6034365,0.56683356,0.89212406,0.20523363,0.45184124,0.08015362,0.34193125,0.7854068,0.8287043
49,1.3587756,0.78506255,1.3220778,0.53576076,1.1214298,1.1981626,0.766764,0.90128744,1.3279476,1.1168418
50,0.4245173,1.3737578,1.3993578,0.47756025,0.8326982,0.6379324,1.1416484,0.98711973,1.3249567,0.7519009
51,0.51009345,1.3001933,1.1681328,1.1357238,1.8365253,0.97500527,1.0606868,1.2993683,1.0183871,0.68144417
52,0.9139825,1.0340866,0.63005406,1.1257806,1.2058637,0.9011225,0.94943607,0.83990204,1.0561869,0.78941476
53,1.1670153,1.6711587,1.5317497,0.7942535,1.0139517,1.018465,1.2740157,1.0473578,1.660332,1.1927835
54,0.9581582,1.6404575,0.7295659,0.7465421,1.6609603,0.956874,1.1224574,1.2824101,1.5648063,0.5209464
55,1.234446,1.3346585,1.1101166,0.56935644,0.8363483,1.4241447,0.46521342,0.8310008,1.5841182,1.0486509
56,1.584104,1.4605503,1.140527,0.67187035,1.3953478,1.2938478,0.5209562,0.9660947,0.9549572,0.6632016
57,0.6753141,1.3802365,0.62378466,0.99299186,0.932014,0.88870406,0.76438785,1.3045423,1.2200639,0.82565874
58,1.291527,1.2008821,1.2122532,0.50115365,0.8962651,1.1254933,0.5485929,1.2901645,0.7653661,0.4972485
59,1.2323015,1.0317265,0.9882961,1.3813839,1.2821133,1.2614406,1.1199813,1.3420435,1.8028864,1.0981758
60,1.1605207,1.5764089,1.4835908,1.5050983,1.2345189,1.479087,1.217644,1.2352281,1.321943,1.0166746
61,1.4135076,1.6476645,1.314243,0.79657286,1.2347443,1.0947593,1.115751,1.8095369,1.1516687,1.9281111
62,0.65646654,1.8916321,1.2373842,1.1850883,1.6119221,1.7605901,0.946016,1.2627152,1.5918658,1.5348401
63,1.5059932,1.5383266,1.8379095,1.4874914,1.0605996,1.2247512,1.1839682,1.3524715,1.2470537,1.063822
64,1.2003847,1.1299614,1.5459464,0.9148082,1.629652,1.0478542,1.5522299,1.5985918,1.5090412,1.7271436
65,1.3924212,1.5624859,0.932364,0.82329404,1.3174672,1.4423889,1.5669178,1.6389059,1.5132073,1.5118961
66,0.9772668,1.2736964,1.7554936,1.5748714,0.95865834,1.9540187,1.0507305,1.5620058,1.5108029,1.3019425
67,1.4603198,1.5565449,1.4916549,1.4811856,0.9041184,1.3562967,1.4488845,1.3438251,1.5791082,1.0916115
68,1.8843824,1.7602552,1.4328808,1.6715528,1.4380382,1.2115381,0.9018202,1.1888391,1.4083658,1.1087002
69,1.4197882,1.1601181,1.121241,1.6954124,1.5736845,1.1955343,0.99638474,1.6316528,1.8024288,1.2347544
70,0.9037645,1.3841319,1.1358539,1.7938042,1.305005,1.1826841,1.3558391,1.5767255,1.7861948,1.5613321
71,1.527783,1.2218573,1.2033352,1.5101448,1.2441537,1.4683956,1.1669017,1.6604115,1.3610079,1.520827
72,1.200329,1.5333866,1.0653967,1.2023604,1.3326335,1.4920014,1.3184687,1.4370542,1.5374677,1.5903854
73,1.4848624,1.2441958,1.2189764,1.0492678,1.3015385,1.6013505,1.3588125,1.6170753,1.5367216,1.4729059
74,1.4146446,1.4271652,1.5181313,1.1921316,0.8753436,1.5685577,1.2880503,1.7636871,1.1248184,1.6413232
75,1.3816797,1.0985346,1.8661025,1.183884,1.3266813,1.7301601,1.0410197,1.7173399,1.1122261,1.5183518
76,1.3846115,1.4159641,1.5658796,1.4562916,1.290343,1.6634032,0.95965815,1.6612546,1.1818464,1.4231503
77,1.2024475,1.4846476,1.7706978,1.3294681,0.9304678,1.2965727,1.6296637,1.280638,1.227861,1.583875
78,1.0029513,1.2852031,1.428446,1.414227,1.5192237,1.1367519,1.290476,1.6411545,1.5555222,1.3855265
79,1.453154,1.4984434,1.3303622,1.0122026,1.1266286,1.3401212,1.4521651,1.4664935,1.3639711,1.4819576
80,1.4902326,1.5475559,1.0774947,1.2434772,1.3910052,1.4211718,1.4561881,1.5194318,1.2108802,1.3707082
81,1.6247473,1.1462686,1.0770421,1.300288,1.1196455,1.7541498,1.1934261,1.6135058,1.2381761,1.6156017
82,1.170711,1.3556265,1.2325819,1.2804695,1.4038298,1.5588167,1.0501658,1.6662387,1.3057013,1.6353642
83,1.1512831,1.2077699,1.3201079,1.5736305,1.4413009,1.2376919,1.3607723,1.6044949,1.4680687,1.3985288
84,0.8879227,1.260708,1.1852213,1.4328135,1.2299445,1.5035255,1.4924722,1.6274354,1.689852,1.4219879
85,1.2488165,1.4604661,0.88787127,1.5446829,1.2327547,1.4300349,1.364088,1.546005,1.540527,1.5544503
86,1.4072305,1.7347336,1.3894502,1.5185351,1.3568847,1.0935079,1.4285947,1.1757305,1.2693079,1.3200864
87,1.1517323,1.8502257,1.3807923,1.4868108,1.163506,1.3920867,1.328423,1.2442791,1.4532219,1.4467317
88,1.1903933,1.5981238,1.214999,1.4958231,1.1891092,1.520327,1.513871,1.1241368,1.5086067,1.4926893
89,1.3617184,1.3513244,1.489628,1.1911169,1.615879,1.427217,1.1510613,1.4880806,1.3930196,1.3046194
90,1.0846469,1.2149409,1.6566558,1.5182375,1.4421853,1.1238185,1.4672865,1.3509767,1.3913225,1.4678234
91,1.0567272,1.489833,1.6731684,1.5162402,1.3632282,1.2825459,1.3814236,1.5287925,1.2152427,1.4506541
92,1.0181725,1.6798344,1.289717,1.3016593,1.4573878,1.7611014,1.503931,1.19748,1.3369085,1.4076136
93,1.2652864,1.3517543,1.5335946,1.3539116,1.117981,1.271115,1.5276955,1.5143487,1.3870883,1.5056908
94,1.0847495,1.5537704,1.1308318,1.476288,1.2603277,1.6431419,1.3690226,1.5198567,1.3220614,1.4535284
95,1.2667211,1.2335594,1.6063714,1.0922124,1.3235145,1.6898286,1.5094849,1.2053318,1.2822356,1.634245
96,0.95488554,1.3411331,1.2833203,1.452144,1.5851151,1.5684255,1.3616428,1.4888926,1.2896495,1.5069324
97,0.95489436,1.1313822,1.4025044,1.4183512,1.3582543,1.5590174,1.4646859,1.4231327,1.4001652,1.6723042
98,1.0291202,1.249762,1.0086523,1.4201612,1.6722664,1.5107949,1.5560251,1.3832828,1.3393674,1.6171539
99,1.1960458,1.4248978,1.4577525,1.4335657,1.1946849,1.5403922,1.4526507,1.3186364,1.1483785,1.6784115
100,0.84674764,1.2193468,1.7043785,1.258673,1.2330637,1.6121302,1.4359535,1.4780397,1.3910364,1.5278057
101,1.1815019,1.499468,1.1413468,1.130041,1.5517839,1.6628692,1.5752672,1.3466651,1.2070901,1.5535622
102,1.2588937,1.2981232,1.6071438,1.3741053,1.4123982,1.5726553,1.4224335,1.1156038,1.2510729,1.3934041
103,1.3699796,1.3014398,1.3542846,1.480796,1.2962966,1.6177363,1.3824782,1.1663156,1.2237456,1.5737524
104,1.2046393,1.6211909,1.3897352,1.371852,1.383464,1.5164305,1.4842633,1.2789214,1.1631856,1.4740931
105,1.432042,1.5472018,1.1820161,1.4882674,1.3227998,1.7136922,1.1506379,1.2233322,1.2320595,1.5264313
106,1.1223829,1.5019666,1.2936815,1.4140524,1.2917354,1.5214632,1.567609,1.2765377,1.3523289,1.5267507
107,1.2431109,1.4678767,1.3726884,1.4886328,1.1980479,1.3566533,1.5780228,1.2768308,1.3943319,1.4591254
108,1.1789428,1.6170261,1.2427664,1.4093828,1.2945701,1.4204818,1.4465163,1.0010928,1.452998,1.5513186
109,1.1041529,1.4500175,1.4580779,1.5047023,1.1125535,1.6536884,1.4749221,1.2531142,1.411927,1.4213996
110,1.0054991,1.4798028,1.5887275,1.1609676,1.5145338,1.5247155,1.4199499,1.3110634,1.3474495,1.4232854
111,1.2091795,1.1961567,1.6676391,0.87029946,1.2280335,1.7365506,1.2604479,1.5278141,1.2508588,1.5149157
112,1.3548287,1.6982565,1.5792094,1.3344871,1.3859497,1.6658478,1.1294973,1.1320227,1.3354722,1.4207397
113,1.0221992,1.4909261,1.4388973,1.3767158,1.2522062,1.6418535,1.3125043,1.5109787,1.2458386,1.5398451
114,1.2850865,1.4148194,1.2091169,1.0228977,1.7025383,1.7069697,1.347195,1.2886144,1.5220027,1.4528037
115,1.2151325,1.3163257,1.3976631,1.3157052,1.2246681,1.5672575,1.723513,1.380577,1.3846225,1.4188024
116,1.0932944,1.4033884,1.2736526,1.2347854,1.4323752,1.6745929,1.43521,1.2882681,1.4781587,1.3954581
117,1.2578561,1.3201793,1.4426538,1.3710808,1.3607063,1.8179176,1.165864,1.3468246,1.3228774,1.393759
118,1.1785711,1.395531,1.5754318,1.4322168,1.5512851,1.6859268,1.3502374,1.2837758,1.171472,1.305714
119,1.1899219,1.4531286,1.3084794,1.4372683,1.4658228,1.6452689,1.1655774,1.4312885,1.3812068,1.4316148
120,1.1845524,1.2755892,1.4430751,1.5019461,1.1103519,1.7117213,1.4327376,1.5360084,1.2408658,1.4771978
121,0.9160398,1.264377,1.4545964,1.3427708,1.3060137,1.6169173,1.6303037,1.355879,1.2798623,1.6086502
122,1.121433,1.5775146,1.5763103,1.1961945,1.4684105,1.5359299,1.428953,1.372908,1.1375186,1.4160669
123,0.91733176,1.312648,1.7621392,1.4310683,1.3920236,1.4185653,1.5981721,1.1951113,1.3185204,1.3759068
124,1.5287641,1.4560293,1.4241996,1.5912828,1.1934708,1.4921575,1.144456,1.4043651,1.081724,1.4547552
125,1.1635847,1.3855462,1.3042272,1.6365916,1.2475557,1.4704943,1.3596324,1.4803728,1.2552683,1.5549209
126,1.3542647,1.1115838,1.5709072,1.3718547,1.4782953,1.4586438,1.4388993,1.4730409,1.3131256,1.4710823
127,1.5184797,1.2942833,1.507174,1.3030938,1.5533279,1.6168311,1.2344877,1.0111799,1.3451327,1.4530829
128,1.1160583,1.3443309,1.4980704,1.4014503,1.1330007,1.5521711,1.487707,1.3591294,1.4674584,1.333011
129,1.328329,1.3025278,1.5563946,1.356506,1.3145059,1.5412403,1.2821814,1.3914273,1.4024994,1.2414438
130,1.7049255,1.3963283,1.3869264,1.1924961,1.381242,1.4782106,1.3664081,1.4791206,1.1806669,1.2683816
131,1.388344,1.3748281,1.4306107,1.1646119,1.5617646,1.6103228,1.4949015,1.2855862,1.2485707,1.3281711
132,1.3751479,1.4083431,1.3309689,1.2950782,1.5284109,1.596919,1.545895,1.4892747,1.1436776,1.3747091
133,1.3169824,1.2292552,1.5571927,1.2240121,1.172028,1.5230161,1.6484436,1.3581154,1.3054001,1.518029
134,1.4448979,1.0860149,1.2027732,1.3637878,1.3309094,1.4113913,1.5050611,1.6737263,1.4382901,1.3633592
135,1.1959726,1.2461966,1.4692279,1.4342101,1.1796957,1.4126574,1.445014,1.3806885,1.5416763,1.2745038
136,1.4099809,1.2410723,1.5222306,1.2994298,1.2389321,1.425438,1.5199035,1.4229434,1.4026723,1.2853577
137,1.3083835,1.1631964,1.4173559,1.3268307,1.2702038,1.4579195,1.4897319,1.5395883,1.5036137,1.4241736
138,1.2483763,1.2935052,1.4114847,1.4505521,1.2966596,1.2834773,1.6255604,1.4827873,1.5162523,1.2773234
139,1.192393,1.4520988,1.7023829,1.4742185,1.060783,1.4400009,1.5192298,1.4631615,1.3176965,1.2519457
140,1.2765408,1.2843311,1.5726058,1.3997159,1.1832402,1.4357473,1.5438812,1.3810558,1.4364696,1.322319
141,1.4156011,1.1492957,1.4594238,1.5737978,1.448119,1.4522742,1.6310023,1.4496347,1.0766039,1.3498268
142,1.4778734,1.5453445,1.2817074,1.3785609,1.504443,1.5111202,1.3471006,1.3469795,1.3072674,1.2936482
143,1.320921,1.3349005,1.4393175,1.5793117,1.3911277,1.37729,1.4819335,1.4684829,1.1395715,1.2004489
144,1.5631982,1.3845168,1.5630429,1.4061502,1.1613383,1.40698,1.6208787,1.2825278,1.3062418,1.3324271
145,1.3117625,1.4039581,1.3622777,1.3435075,1.387192,1.4271282,1.6014599,1.4178069,1.3628426,1.2580765
146,1.5940796,1.4221808,1.5359933,1.3007574,1.4415032,1.2784344,1.5745442,1.3487556,1.2537795,1.1923586
147,1.5603361,1.5698245,1.5219729,1.5989462,1.2525257,1.2914819,1.4780632,1.3744031,1.2672343,1.1797191
148,1.5178361,1.3696756,1.5513865,1.386471,1.4687439,1.3371701,1.5148189,1.4076886,1.3168876,1.1386801
149,1.4505144,1.4656796,1.4134169,1.5313474,1.3633434,1.2826207,1.4772993,1.3889825,1.3183881,1.1240553
150,1.442231,1.4577038,1.3277642,1.4888306,1.3314289,1.240338,1.6596289,1.3520275,1.4605094,1.153122
151,1.513846,1.3979113,1.3658758,1.5720907,1.30557,1.3101646,1.4366874,1.2988864,1.4392923,1.1909778
152,1.4302661,1.4613849,1.3195652,1.5166005,1.2874534,1.3825082,1.5628831,1.2701532,1.3824257,1.2187091
153,1.4840493,1.2874494,1.3824469,1.435949,1.2429767,1.5232129,1.6012937,1.3626263,1.3756613,1.2474235
154,1.4983467,1.4522711,1.3114268,1.6015631,1.2665715,1.3893819,1.5932066,1.3159894,1.4234688,1.102868
155,1.6403422,1.3300669,1.3857338,1.5044134,1.1281031,1.4549402,1.4230018,1.3718135,1.3804034,1.1464219
156,1.6130981,1.5379148,1.355458,1.4331989,1.3106115,1.2785916,1.5685802,1.3160781,1.2504221,1.1937324
157,1.5668807,1.2961149,1.441346,1.4029913,1.4632392,1.3083279,1.730501,1.2743555,1.4030054,1.1362863
158,1.6868814,1.4154847,1.3362603,1.513235,1.2647706,1.4189641,1.5669062,1.254759,1.22403,1.3608099
159,1.5992763,1.3098204,1.3456267,1.4512161,1.4573443,1.4056131,1.4609911,1.3771287,1.2206069,1.2924829
160,1.5334399,1.4872054,1.4204406,1.3741157,1.3322802,1.4346055,1.347943,1.3207587,1.4702798,1.2082866
161,1.5735974,1.4702184,1.3305888,1.4382596,1.4462465,1.5273067,1.3381578,1.4058057,1.222365,1.3011585
162,1.3960167,1.3143259,1.4397216,1.5199977,1.472039,1.2246745,1.5427392,1.5282776,1.2413362,1.2918203
163,1.4557306,1.3547705,1.3664157,1.2804598,1.5109078,1.3442793,1.5331115,1.3564698,1.3763891,1.3065715
164,1.4172761,1.4313455,1.2662071,1.4384446,1.3588709,1.4828541,1.4263506,1.3655384,1.3552454,1.2851573
165,1.528578,1.2812326,1.4153697,1.3665812,1.4795498,1.403839,1.4023279,1.2468189,1.4690859,1.2731748
166,1.5349761,1.3917255,1.3240492,1.5518961,1.4394104,1.3710223,1.5660454,1.2057742,1.3907311,1.211401
167,1.4444984,1.5728223,1.329959,1.5281389,1.4398136,1.4254298,1.2585562,1.365672,1.244946,1.2216884
168,1.2826241,1.3201098,1.5369178,1.6098741,1.3997369,1.1597015,1.4114555,1.3674511,1.3177679,1.2343848
169,1.5128882,1.3718499,1.5700716,1.3342768,1.3862162,1.3422596,1.44786,1.2500377,1.2003793,1.2250078
170,1.5287113,1.3154287,1.3941288,1.4546077,1.4986205,1.2808762,1.2708818,1.3323807,1.4742291,1.1595483
171,1.5063136,1.2788913,1.2610418,1.4555454,1.5212588,1.3682528,1.2487695,1.3536433,1.4183468,1.1989559
172,1.3679038,1.4322776,1.4246941,1.4803991,1.3580894,1.1990137,1.550461,1.3642018,1.3629588,1.2033362
173,1.4604127,1.4649409,1.1340857,1.4974335,1.6479864,1.4152281,1.2545252,1.2211013,1.4653271,1.1248696
174,1.3707048,1.2902014,1.1907232,1.2904838,1.5590712,1.3686324,1.3890104,1.4548101,1.3633124,1.4098942
175,1.5270145,1.4693432,1.2136163,1.2441506,1.6520864,1.4028317,1.2206851,1.3173734,1.3069214,1.4596187
176,1.3847101,1.3142973,1.3040247,1.3901852,1.4849645,1.1916815,1.340354,1.353654,1.4580504,1.594952
177,1.4502499,1.3951068,1.2241997,1.3264502,1.5293399,1.017726,1.2526913,1.4202886,1.4656028,1.4598064
178,1.5768778,1.3236146,1.3223122,1.3182074,1.4474152,1.1020823,1.1800363,1.3723723,1.4505013,1.527273
179,1.5196747,1.2898992,1.166144,1.325153,1.5118729,1.1039155,1.3006865,1.3971364,1.5072911,1.5788383
180,1.5400759,1.2507389,1.3364905,1.2907846,1.3558906,1.1849875,1.0885811,1.3330563,1.5049918,1.5434119
181,1.3563997,1.2494229,1.2579263,1.4635811,1.554017,1.0872214,1.2448413,1.3759931,1.5639731,1.502877
182,1.2731248,1.2738203,1.3376901,1.447829,1.4312826,1.2062317,1.1296037,1.3742288,1.494806,1.6034498
183,1.2794491,1.2613399,1.2682098,1.3010192,1.5283957,1.1962342,1.1944914,1.3981304,1.4534938,1.5981308
184,1.4658973,1.3310485,1.2856603,1.3417295,1.4778775,1.2431028,1.1553928,1.3416091,1.3986311,1.5595216
185,1.4099697,1.1624501,1.1187583,1.411791,1.4431977,1.1736002,1.1853875,1.3850788,1.3901966,1.7149441
