0,-0.006479484,-6.603833E-4,0.012833945,0.010842046,0.0016810535,-0.005660945,-0.0016002518,-0.022097994,-0.008481884,0.035480607
1,0.035201766,-0.041955903,-0.015419659,-0.0355415,-0.015466149,0.007601737,0.03280505,0.008409083,-0.03472839,0.011229932
2,0.0,0.0,0.0,0.0,0.0,0.0,0.0,0.0,0.0,0.0
3,0.02167295,-0.036529694,0.033550553,-0.026695425,0.024878226,-1.6622628,0.05088621,1.03849474E-4,0.03606159,0.010470743
4,0.03441356,-0.022689115,-0.0059383423,-0.010579321,0.026451822,-2.4542444,0.021111256,-0.0467752,0.050279785,-0.02952994
5,0.05302509,0.010747327,-0.020213949,-0.0012705071,-0.047363818,-3.8285997,-0.0063212104,-0.0635932,-0.061472833,0.043569926
6,0.06764193,0.0038211625,-0.028830068,-0.016013281,0.067733884,-5.0304728,-0.0025385227,-0.027633268,-0.012959995,-0.01613714
7,0.0039341375,-0.017176198,0.056423414,-0.030993171,-0.0063205813,-5.0555053,-0.075490735,-0.043678798,-0.022630345,0.019663911
8,-0.0034568193,-0.0031994605,-0.054420043,0.018814256,0.018640494,-4.566032,0.12786984,0.06932288,-0.06740199,-0.045658223
9,-0.023711387,-7.744254E-4,0.044179775,0.0548332,0.13869543,-4.7012777,-0.08678368,0.06971562,-0.03543939,0.055195473
10,0.05731111,-0.055416375,-0.045925118,-0.073034644,-0.04492896,-4.447488,0.0703726,-0.047214027,-0.039046686,-0.061948843
11,-0.049145177,0.055638354,0.12743713,-0.004371606,0.06379641,-4.437021,8.1516523E-4,-0.12136159,0.025204785,-0.015342853
12,-0.0017017393,0.0084912395,0.059519995,-0.012759315,0.021326138,-4.6119704,-0.15644415,-0.004158371,-0.0645279,0.0065227295
13,0.052957617,-0.04905073,-0.045569725,0.009005064,-0.031007288,-4.266525,-0.048893277,-0.055973794,-0.08345272,-0.061319478
14,-0.017041981,0.14727695,0.022477552,0.1258279,0.041847527,-4.516889,-0.06390109,0.012700806,0.0038967712,-0.02380466
15,0.059213698,-0.025961863,-0.006933546,-0.10387455,0.008500969,-4.3584237,0.08024056,-0.0135041755,0.08231691,-0.12333901
16,-0.18944722,-0.2076378,-0.09815307,0.15789853,0.044999525,-4.600144,-0.26829252,0.029417317,0.07949849,-0.03655755
17,0.023964614,0.31039605,0.12851442,0.087429866,0.0281642,-4.472472,-0.49133366,0.10351893,0.055624872,-0.032350548
18,0.04902249,0.3611293,0.2552787,0.013579803,-0.09789211,-4.5454974,-0.5054237,0.27526748,-0.101387605,0.03152739
19,-0.1374467,0.13856198,-0.33579713,-0.015219633,-0.045714397,-4.592543,-0.22431618,0.13670558,-0.15717335,-0.17797917
20,0.040103573,0.55714583,0.094442576,0.31666127,-0.12196531,-4.51155,-0.4454144,0.054684907,-0.23643121,-0.076665044
21,-0.0071134344,-0.2554112,0.13886149,0.20451763,-0.01696517,-4.6458454,-0.7396285,-0.13883965,0.07851317,-0.18650897
22,0.24020933,0.15789972,0.08489474,-0.10572709,-0.1347027,-4.582767,0.50090426,0.17102137,-0.09132362,0.075347126
23,-0.1178926,0.12606004,0.057268754,-0.05794566,-0.13237214,-4.7825813,0.22284594,0.07059216,-0.16690287,-0.0672412
24,0.0040354743,0.10830251,0.20167427,0.050180424,0.057055265,-4.6670904,0.08353218,0.06305318,0.06305456,0.15876868
25,-0.10051136,0.042191632,-0.080458716,0.023054883,0.04646589,-4.6039867,0.2077306,-0.0015157185,0.04773391,-0.010593354
26,-0.0327983,0.018921925,0.05750753,0.17006382,-0.09318788,-4.637961,0.0860291,-0.01253226,0.03357012,-0.09888329
27,-0.08910795,0.04300582,-0.02472584,-0.050434187,0.011907317,-4.8654213,-0.005771145,0.17833103,0.061986655,-0.0635051
28,0.06302386,0.20860353,-0.059517086,-0.03480204,-0.037476037,-4.902457,-0.04048229,-0.04986193,-0.12365036,-0.079031244
29,0.012103178,0.072036944,0.08223343,-0.21224622,-0.040054575,-4.8758283,0.036902316,-0.034776926,0.11138195,-0.082693286
30,-9.997517E-4,0.0628055,-0.040391117,-0.10620267,0.08031653,-4.7367716,0.20883827,0.08120505,0.022049533,0.053567957
31,-0.030911658,-0.087375395,-0.055746727,0.035981584,0.04049133,-4.764364,0.016937315,0.033951897,0.026437055,-0.014616627
32,-0.079537675,-0.063318804,-0.08846038,0.08284872,0.009538989,-4.70617,-0.10112818,0.09052748,0.026226692,0.05938815
33,-0.049338788,0.07795745,-0.025522705,0.10071322,0.0051371176,-4.8868446,0.010487768,0.074133635,-0.03549557,0.02766854
34,0.029399918,0.11664205,-0.14694239,-0.24042745,-0.14501004,0.564824,-0.37273157,0.118601315,0.028138114,-0.10852476
35,0.025372205,-0.08205781,-0.09026295,-0.09760406,0.03466675,-4.862668,0.035758793,-0.045066778,0.00471874,0.0913454
36,0.15882774,0.019152286,0.014472962,-0.056528136,0.055543743,-5.107036,0.106408015,-0.081704296,-0.087125026,0.030833934
37,0.052078545,-0.11291696,-0.08908626,0.054441024,0.026646141,-4.4948378,0.051069792,0.10117971,0.060600277,0.030390881
38,0.09105528,-0.16269815,0.014876652,0.10016578,0.091348626,-5.1892695,-0.1211009,-0.13784337,0.09209716,0.051244408
39,-0.013019407,0.09716694,0.10109368,-0.05102853,-0.073928356,-5.4209895,0.07032334,-0.089968055,0.016632358,0.06344693
40,0.15019494,-0.05225624,-0.07970023,0.12692294,-0.023477066,-5.4514165,0.12815979,0.04326095,0.018068802,0.08908142
41,0.0,0.0,0.0,0.0,0.0,0.0,0.0,0.0,0.0,0.0
42,0.0,0.0,0.0,0.0,0.0,0.0,0.0,0.0,0.0,0.0
43,0.0,0.0,0.0,0.0,0.0,0.0,0.0,0.0,0.0,0.0
44,0.0,0.0,0.0,0.0,0.0,0.0,0.0,0.0,0.0,0.0
45,0.0,0.0,0.0,0.0,0.0,0.0,0.0,0.0,0.0,0.0
46,0.0,0.0,0.0,0.0,0.0,0.0,0.0,0.0,0.0,0.0
47,0.0,0.0,0.0,0.0,0.0,0.0,0.0,0.0,0.0,0.0
48,0.0,0.0,0.0,0.0,0.0,0.0,0.0,0.0,0.0,0.0
49,0.0,0.0,0.0,0.0,0.0,0.0,0.0,0.0,0.0,0.0
50,0.0,0.0,0.0,0.0,0.0,0.0,0.0,0.0,0.0,0.0
