0,-0.20685187,0.06739372,0.32072514,-0.63796836,0.34226578,0.06087157,-0.4023384,0.14450659,-0.5641957,0.43805492
1,-0.4084858,0.2451095,-0.4484271,0.16300094,-0.52603483,0.4326968,-0.41200116,0.2995824,0.21262796,0.088445984
2,-0.33521113,-0.3595564,0.14363165,0.39251587,0.33050165,0.16006064,-0.07663169,0.18573429,-0.6330186,-0.057465307
3,0.34277225,0.18865342,0.46517184,-0.36505207,0.524716,0.071265794,-0.10920039,-0.36063355,0.30701697,-0.1306523
4,-0.042855494,-0.13156587,-0.13780105,0.6144869,0.038028363,-0.6602708,0.28677082,-0.19971795,0.46334344,0.81736535
5,-0.22284661,-0.5150886,0.28464064,-0.49755892,-0.56017154,-0.09287448,-0.6565759,0.15083861,-0.20128873,0.14605096
6,-1.7948499,-1.4029753,0.17982924,0.7154196,-1.6528105,1.159028,0.35460085,0.29283157,-2.7583168,0.3774817
7,0.39446652,-1.2089518,-0.065257914,-0.9955639,0.5626233,-0.28133178,0.3442804,-1.580634,-0.89384663,0.33949074
8,0.035794713,0.43177375,0.8549416,-0.15636706,0.7729774,-0.14903282,0.29907608,-1.0902389,-0.53210384,-1.7050749
9,-1.4480393,1.2310562,-0.12755607,0.025081417,-0.5620225,-0.4167583,-1.6126796,-1.2867848,-0.28845814,-0.8265144
10,-0.38652256,0.36988595,1.1499356,-0.80933875,0.9025107,1.5878601,-0.21823311,0.04272914,0.16257669,-0.6616859
11,-0.44868317,0.34895217,0.14174499,-0.394797,1.8482424,0.33810386,0.45649898,-0.3544938,1.2822632,-0.040882945
12,0.52332175,1.5618687,-0.61957365,-1.010649,-0.97731996,-0.15204059,0.5621523,-0.44852668,0.23589163,8.194706E-4
13,0.4892054,-0.30107433,-0.4908498,-1.3566531,-0.627011,0.870086,-0.030310305,-0.4438781,1.2558994,-0.6148166
14,-0.34479904,-0.06348116,0.13915558,-0.1970486,0.76343197,0.38151535,-0.49482793,-0.14902982,1.1824901,-0.36870268
15,0.8001371,-0.27471378,0.044688158,-0.53751165,-1.9232631,0.05970745,-0.76702935,-0.31192118,-0.7451603,1.1026921
16,0.73310506,-0.1178738,1.1795089,1.086031,-1.8727226,0.6408289,0.89483714,-1.5547869,-0.08043991,-0.3782376
17,0.75447434,-0.36496526,-0.40336582,-0.43116957,1.4929262,-0.3441875,0.7160727,0.509588,0.39344814,-0.018375035
18,0.1532647,-0.31381053,-0.3062904,-0.2661685,1.5745673,-0.291049,-0.5516087,0.34313485,0.30977082,0.27147803
19,0.31504798,0.64117247,0.27318588,-0.080013014,0.3133975,-0.25086898,-0.28816873,0.7728255,-0.3933895,0.2777471
20,1.3849959,-0.0688151,-0.16248183,-0.075397894,0.5383456,-0.80089945,0.95126164,-0.29154068,0.10715602,-0.19530089
21,-0.70902646,-1.045327,-0.027012471,-0.14595203,0.8221212,0.71496916,0.55793905,-0.19027042,-0.40280622,0.07217602
22,0.3352896,-0.22457089,-0.38054436,-0.4015816,0.3005303,0.03281177,0.03976936,-0.32855576,-0.18149512,0.29657927
23,-0.7518387,-0.059068326,0.05607991,0.52377087,0.95855033,0.4728263,-0.040283233,0.065323085,-0.06347217,-0.29018554
24,-0.1586601,0.4907045,-0.6857533,-0.7456185,0.18196179,0.1837203,0.3392165,0.5807498,-0.12555747,-0.25763586
25,0.70422834,-0.62525445,-0.08351167,-0.041009355,0.19727589,-0.7980634,-0.38270015,0.12624119,0.47376484,-0.16788504
26,-0.1612559,-0.33325282,-0.33376887,-0.41794926,0.0969786,-0.055663396,0.10308717,-0.28355962,-0.7857426,0.5949959
27,-0.18085939,0.4222194,0.77219707,-0.31522352,0.78773475,-0.17227228,0.5599625,-0.048540026,-0.82267064,0.064354435
28,0.8792008,0.33319908,0.12544742,-0.119418666,0.2984754,0.3499605,1.102573,-0.24584919,0.34786326,-0.12444936
29,-0.22143483,-0.04343198,-0.54834586,-0.1352757,0.17288062,0.21774776,0.48223862,0.2635276,0.061885133,0.26316112
30,0.31946483,0.4589098,0.43626553,0.5366576,-0.1875722,-0.46734872,-0.3864352,0.5312031,-0.23003066,0.06508456
31,-0.28044778,0.26131043,0.6153248,-0.3895583,0.5008271,-0.39124626,-0.4982436,-0.360622,-0.6040522,0.11663716
32,-0.032338034,-0.29461694,0.30534744,-0.004524068,0.22608389,-0.18267657,0.16620348,0.2505729,0.25516888,-0.58685225
33,0.2968534,0.4777954,-0.0059629623,0.20983422,0.50909406,0.50591,-0.47174668,-0.15896395,-0.02777622,0.35056105
34,0.2165151,-0.43018368,-0.3773119,0.38678285,-0.7123,-0.19574572,0.2251475,0.09718062,-0.4060109,-0.20282266
35,-0.20044616,0.33499518,-0.15253331,0.6525227,0.6142653,0.31145132,-0.47281614,1.1126194,0.43132636,-0.24126594
36,0.102462515,-0.38025752,0.073373936,0.81109834,0.19886225,-0.5063973,-0.19600561,0.27728665,0.23201308,-0.056187604
37,-0.49481636,-0.03850548,-0.19889717,0.60688424,0.031664543,-0.43235406,-1.0813482,0.7394747,-0.17748275,-0.26048002
38,0.69561255,0.0966976,0.01769101,-0.19119722,-0.12512212,0.3593922,0.030067619,-0.18364857,-0.35815358,0.37884256
39,0.16208348,-0.49741966,0.55380046,-0.0735762,-0.05892562,0.13074444,0.27787787,0.041799605,-0.50397664,-0.058513593
40,-0.16566655,0.020365689,0.77016896,-0.1402446,-0.2676128,-0.053003523,-0.18356976,-0.25898725,-0.051051307,-0.15803327
41,-0.107338086,0.068027295,0.035482153,0.19248885,0.08870917,0.28564844,-0.14590852,-0.4893497,0.35799548,0.7441214
42,-0.08566627,0.20431527,-0.5605875,-0.40688637,-0.10298958,0.3994447,-0.2933666,-0.5814688,-0.471841,0.77065194
43,0.5348356,-0.019223733,-0.45817697,0.4788469,0.24775745,0.55186385,0.5812085,0.4245957,0.2988244,0.46617556
44,-0.8640752,0.25816464,-0.040338863,0.625467,-0.54122734,0.38310754,-0.58184034,0.144223,0.44123456,-0.3340861
45,-0.6435455,0.43570367,1.0575757,-0.41767737,0.15285769,-0.30748206,-0.18956693,0.12007258,-0.3924246,-0.580035
46,0.18711092,0.07294944,0.5059515,0.20635833,0.019248063,-0.28716293,-0.33456936,-0.43406108,-0.14895864,-0.13119571
47,0.56373066,0.63028735,0.20654555,0.11898953,-0.02025165,0.63417166,-0.5257558,0.44875357,-0.5191999,-0.36962146
48,0.6259353,1.9672324E-4,-0.22680669,-0.040843565,0.6864586,-0.15629445,0.12889154,-0.51416665,0.4018944,0.46581116
49,-0.3073373,0.27342287,-0.29787067,-0.008436546,0.5875903,0.12479382,0.13595434,-0.21533121,0.1288703,-0.20462172
50,-0.7186825,-0.11363599,0.16682215,0.1516256,0.13820384,0.12763849,0.56058717,-0.39016762,0.41780457,-0.09694785
51,-0.33825675,-0.5715714,-0.40166667,-0.42239282,-0.32694474,-0.02036986,0.14779715,-0.61215776,-0.2361689,0.6036907
52,-0.4697173,0.27923694,-0.66296357,-0.7022418,0.58906794,0.38182184,0.1504855,-0.7527371,-0.6113811,0.23793916
53,-0.63310915,0.022116506,-0.94702935,0.19777006,-0.3924112,0.059525296,0.1897636,0.4932707,0.36615676,0.16301042
54,-0.12500288,0.31921428,-0.18273644,-0.75492084,-0.2087893,-0.015703231,1.0514708,0.06408214,-0.27979743,0.66683733
55,0.63109773,-0.129455,0.5767286,0.36356574,-0.6368212,-0.36593267,-0.28980535,-0.36486828,0.054227915,-0.40541863
56,0.013365484,0.5060767,-0.124190375,0.34481418,0.39171198,-0.3591062,0.3328108,-0.08778635,0.84094846,-0.23456775
57,-0.008520863,-0.07967164,-0.06457286,-0.25060827,0.17817959,0.0526112,-0.2050025,0.32878208,-0.073259056,-0.2618622
58,-0.81082904,0.32609925,-0.5716959,0.32363787,0.05309772,-0.44715476,-0.38134727,0.07657565,0.4354216,0.27589083
59,-0.35711688,-0.036779176,-0.5128397,-0.31591707,-0.07939957,0.2583027,-0.28014252,0.4192129,0.30262962,0.1661914
60,-0.14485434,0.22913632,-0.39593214,0.03280051,-0.2541824,0.22953202,-0.33099994,0.7899617,-0.18479724,0.5567948
61,0.296505,0.4057254,0.5785122,-0.41673696,-0.029521035,0.029508896,-0.030493082,0.07481244,-0.3362934,-0.1524227
62,0.14492534,0.5663489,0.12568834,-0.088290736,0.6673856,-0.012710191,0.30281237,-0.14195655,-0.2944041,-0.16911967
63,-0.2731145,0.29126552,-0.19173576,-0.34765357,0.30999848,-0.4509732,0.12896653,0.45035404,-0.14533085,-0.10185194
64,0.036556944,-0.27330032,-0.49418032,-0.5053204,0.4422474,-0.031658523,-0.02805227,0.105638064,0.17856818,-0.14437026
65,-0.07408423,0.018109154,0.7223766,-0.10850232,0.5192198,-0.4486367,0.5132971,-0.4206547,0.16791809,-0.17995442
66,0.5167224,0.21613495,0.48269814,-0.030207714,0.1854997,-0.12049656,0.17666246,0.27858946,-0.4433939,-0.15473776
67,0.37734702,-0.24109645,0.28300884,0.14302047,0.73314667,0.065776244,0.5980791,0.3572654,0.57097924,-0.16673392
68,-0.007856538,-0.2467844,-0.48437443,-0.30200964,-0.15124784,-0.31901443,0.5154774,0.12704256,-0.13221262,0.30544162
69,0.29575214,-0.33600533,-0.2066907,0.25294435,-0.004436088,-0.7217674,-0.42861506,-0.06503438,-0.4253276,0.30978864
70,0.07198308,-0.16506231,0.16141024,-0.7116948,0.49764386,-0.3176554,-0.320953,-0.65289646,-0.33450624,0.4110138
71,-0.04076994,0.49465984,-0.32906958,-0.008115043,-0.12493922,0.017247153,-0.03098149,0.11199055,-0.2833973,-0.028794922
72,-0.09287014,-0.3319189,0.46879053,-0.26048166,0.6416548,-0.56250745,0.38799292,-0.32142225,-0.29932106,0.5231877
73,0.16762549,0.3843778,0.26130655,0.39696622,0.10477145,-0.52064395,-0.45655036,-0.26918623,-0.10831065,-0.2905762
74,0.4005752,-0.2353853,-0.0890981,-0.2924685,-0.54903877,-0.25530016,0.45723924,-0.09500741,0.23715651,-0.3837577
75,0.51288575,-0.34170622,-0.18101674,-0.03655627,-0.6290782,0.088804774,0.42361394,0.07330976,0.15610704,0.43279767
76,-0.1724594,-0.4227873,-0.105774954,0.46155396,-0.84699416,0.64558905,0.24141632,0.14987831,-0.43559325,-0.33280972
77,0.17226331,-0.09241172,-0.35438237,-0.08018348,0.1025008,-0.54354894,-0.20150453,0.6135489,-0.18045324,0.49165556
78,0.5690954,0.23911996,-0.54965734,-0.27453643,-0.2004154,-0.27900726,0.019927306,-0.68434507,-0.5756542,-0.6987462
79,-0.17017332,0.1320728,-0.49075818,-0.7066956,0.17667846,0.16193418,-0.4665339,-0.6767688,0.7275971,0.4822313
80,-0.5242216,-0.65639037,-0.41998383,0.09622093,0.5302978,-0.033681568,-0.21965557,-0.26607764,-0.5516022,0.597712
81,0.33571142,-0.516497,-0.13641797,-0.19978507,0.27750048,0.3477482,0.58446133,0.023733594,0.74634176,-0.10603514
82,0.30037448,0.46628475,-0.06248432,-0.09537215,0.31133235,0.06288391,-0.38554284,-0.24311031,-0.26797736,0.15393603
83,-0.0063628694,0.34400406,0.3650523,-0.08070441,-0.2612436,0.031402793,0.27313346,0.104830384,0.3661479,0.30922136
84,0.065045334,0.5555776,0.2366444,-0.45846295,0.019284088,0.1511388,0.32391652,0.27725738,-0.12316309,-0.07147592
85,0.7569823,-0.22773542,-0.42362663,0.06810795,0.016863251,0.15211004,-0.30098376,-0.08975772,-0.025493763,0.14545375
86,-0.6371031,-0.096644565,0.28795606,0.23298912,-0.58261687,0.6252933,-0.13699837,0.9558599,0.291964,-0.26906902
87,-0.082256466,-0.123167366,-0.57687265,-0.22189695,0.013305978,0.37140313,0.44195217,-0.56150866,-0.7999124,0.57253146
88,0.06359012,-0.0734124,0.33112666,-0.62308913,-0.28086737,-0.29022846,-0.49886525,-0.7086753,0.11764844,0.4657121
89,-0.15602238,0.55800056,0.47524485,-0.09673147,0.047459543,-0.14029427,-0.5085781,-0.23036373,-0.107674606,-0.5025554
90,-0.019416075,-0.42269698,-0.06352702,0.4100846,-0.6993528,0.5050805,0.4535896,0.06257105,0.46312562,0.13983423
91,-0.5792019,0.8769592,-0.14467208,-0.085602716,0.2559189,0.055360455,-0.29688674,-0.030340342,0.26763156,0.3189332
92,1.0174781,-0.6349604,-0.20416187,0.49741164,0.435413,-0.68277514,-0.6535594,-0.7865477,0.41643998,0.06534654
93,-0.024341965,-0.20847873,-0.22556646,-0.37689346,-0.20439145,-0.32584077,0.33793396,0.056606926,-0.029168637,0.13708578
94,0.012384788,-0.30460384,-0.34773275,0.22019605,0.27130288,0.50077933,0.41956368,-0.104307845,-0.38623166,0.4846093
95,-0.4283347,-0.26462469,0.3241749,0.25360838,0.12997502,-0.116859384,-0.0971048,-0.38131583,0.4837394,0.3519988
96,-0.62470245,0.43699852,0.13203815,-0.35493797,-0.12980208,-0.49833596,-0.7396454,0.14152807,-0.33212283,-0.08956554
97,-0.16852473,0.09937613,0.15623052,-0.118260026,-0.4485488,0.28303963,-0.21723801,-0.49762586,-0.48318022,-0.27641013
98,0.4885974,-0.4823458,-0.19180149,-0.106732175,-0.4397267,0.41498506,-0.29828203,-0.3851637,-0.29135883,-0.5499769
99,0.05263999,-0.5424458,0.15368311,-0.07447863,0.3627899,-0.46529993,0.14817926,-0.093473926,0.4955603,0.07182431
100,0.25838435,-0.53149307,-0.09529225,1.0499187,0.0035612655,-0.07682685,0.031681567,0.46975467,0.18046238,-0.32452965
101,0.20224999,-0.6877526,0.1442795,0.47062287,-1.0063331,0.8076938,-0.24146722,-0.2669161,0.16047359,0.018008696
102,0.16835158,0.36722,-0.4408515,0.2755509,-0.30978402,0.3325967,0.07249344,-0.944736,0.53156394,-0.2292805
103,-0.8587454,-0.17608589,0.21119533,0.7710846,-0.27459344,-0.022907715,-0.10912871,-0.7406016,0.5276956,1.0358611
104,-0.30642,-0.6814722,0.42570576,0.29061544,-0.38205096,-0.2849579,0.279163,-0.8872159,-1.1343704,-0.3233507
105,0.56142783,0.93595576,0.12948693,8.9744374E-4,0.33849064,0.13324472,0.078611724,0.22332333,0.11164596,-0.074017555
106,0.3667162,-0.41996643,0.46221504,-0.12692814,-0.05112442,0.76910913,-0.6837115,-0.037533697,0.5953771,-0.3815791
107,0.7655299,0.08110794,-0.36136404,0.016545827,0.6370359,0.2475575,-0.43013427,-0.051041853,-0.31327456,-0.39306512
108,-0.25951535,0.19478086,0.17005607,0.4207647,-0.30552754,0.24509785,0.26086086,-0.1534585,0.24128126,-0.0010882515
109,-0.082052045,-0.9878722,0.11172656,-0.25343093,-0.37463292,-0.5123511,-0.20139988,0.7251831,0.8000837,-0.4188193
110,0.21656978,0.44639376,-0.36446717,0.4924914,0.003951782,0.029903682,0.45922384,-0.52579993,0.4049223,0.05629447
111,0.18151927,-0.6002043,-0.08320855,-0.5071895,0.34396645,-0.16922604,0.16061571,-0.17290267,0.6238017,0.052577216
112,-0.14889723,-0.11636903,-0.056734428,-0.5233581,0.120317936,0.3972221,-0.42314008,-0.08223959,-0.39582366,-0.80664635
113,0.1878766,0.34523788,-0.040784664,0.0057097445,0.0044086357,0.17723492,0.11124527,-0.23953755,0.548729,0.12021418
114,0.58200204,-0.32232502,-0.3977443,0.008563296,-0.28331324,-0.07273136,-0.33891264,0.3586063,0.085965715,-0.014482645
115,0.47217533,0.016893268,0.14955837,-0.3564482,-0.50253904,-0.009618202,0.08306019,-0.17901641,0.32549888,0.026751833
116,-0.31524912,-0.44509012,-0.14377531,0.5878827,0.148977,0.39105287,-0.05826786,-0.6950826,-0.20976646,-0.021554416
117,0.36452436,-0.3221918,0.8703831,0.31424195,0.2926318,0.692131,-0.48551545,-0.7658605,-0.068616904,-0.22451796
118,0.3847181,0.09130006,-0.081232585,0.48241606,0.17853123,0.43290627,0.458611,0.50410444,-0.026909307,0.26201993
119,0.32794008,0.023516053,0.006768158,0.257963,0.06522065,-0.514633,0.5464748,-0.60170126,-0.013207696,0.45276824
120,-0.03781549,0.6842724,0.303978,-0.37637708,0.1757847,0.3439764,-0.12725802,0.23177038,-0.530123,0.19604313
121,0.43829012,0.22879735,0.63113374,-0.031091182,-0.6495243,-0.12891611,-0.6132854,0.18258901,0.8905612,0.454919
122,0.8511908,0.0026042669,-0.44994342,0.44029704,0.081004746,0.11572914,0.42523032,0.12834379,0.008404508,0.40538147
123,0.31750855,0.31951854,-0.24493147,-0.20961414,-0.8700046,0.2406494,-0.24125917,0.17438976,0.03752016,0.29967654
124,-0.074965894,-0.71424377,-0.33488226,0.5605765,-0.25050697,-0.14344594,-0.24400653,-0.44514936,-0.3229888,-0.3798068
125,-0.96639055,-0.19700465,0.71605295,-0.65961796,0.7100067,-0.5033719,-0.71653175,-0.25103846,-0.003690555,-0.6100308
126,-0.090844534,0.13888736,-0.33754644,0.46069735,0.18486479,-0.18878163,-0.41529658,-0.10343215,-0.10834881,0.30286172
127,-0.47190553,-0.08207233,-0.2954843,0.48361102,-0.13418381,-0.15713012,-0.17243549,0.06842294,0.23237136,-0.18635394
128,-0.3080382,0.5188599,0.21268919,0.54873353,-0.7219931,-0.09998839,0.14731735,0.09757978,0.5369346,-0.2808139
129,-0.39962226,0.3442834,-0.38042983,0.2609109,-0.10365073,-0.13952658,-0.20800829,0.1321769,-0.14035791,0.014195063
130,0.37121716,0.36058828,0.42000183,-0.39274225,-0.3120777,0.4218582,0.18077895,0.43139517,-0.106114715,-0.09980145
131,0.20339757,-0.16424574,0.51998174,0.43509355,0.6537406,-0.54989946,-0.32000667,-0.019506373,-0.44943035,-0.28555167
132,-0.6179134,-0.5335294,0.38110143,0.08542568,-0.08431887,-0.19201392,-0.5020057,0.024393547,0.24446328,0.35542774
133,0.4228217,-0.7356377,-0.21695213,0.2161092,-0.23699537,-0.07769234,-0.2307693,0.22358885,-0.30086192,0.4174364
134,-0.32245883,-0.011767157,0.40742376,0.2644134,0.18142127,-0.08935129,0.5514537,-0.16829133,0.28120875,-0.2744458
135,-0.028035855,0.06899741,-0.41280487,-0.07101333,-0.48791283,0.22904366,0.1999721,-0.17216624,0.0366347,-0.21625517
136,-0.52784246,0.13716108,-0.18595494,0.1901508,0.16459706,0.13669384,-0.3979647,-0.6166742,-0.29539663,0.3877712
137,-0.238507,-0.15459183,0.16668437,0.09653123,0.4203413,0.3471827,-0.13410811,-0.39045614,-0.022148434,0.06959778
138,-0.035301797,0.51580316,-0.058823843,0.40713573,-0.016369456,-0.26255828,0.08991094,0.42395553,-0.009475988,0.22903879
139,-0.24915695,-0.59423083,-0.4328462,-0.4515879,-0.57655466,-0.025511883,-0.045399863,-0.31877026,-0.47897634,0.037972823
140,0.22542587,-0.7528555,-0.5120964,0.20482151,0.1611264,0.59314686,0.9412952,-0.37672472,-0.33918136,0.64317155
141,0.5989699,0.14548163,0.07217656,0.005151494,-0.2741279,0.5690466,0.27944374,-0.18022756,-0.17761329,-0.38497937
142,0.0077936533,0.33471137,-0.23481348,-0.5155211,-0.24668872,-0.38621393,-0.29032823,-0.4741426,0.28024644,0.3260337
