0,-0.07708681,-0.019458286,0.115402065,0.102699704,0.024556523,0.018989203,0.012087615,-0.2008955,-0.062404364,0.34770128
1,0.31596017,-0.38336417,-0.1552869,-0.32186022,-0.13332924,0.061675932,0.3114234,0.08383986,-0.315392,0.12312333
2,0.2714001,0.29200006,0.020701766,0.14389998,0.44988674,-0.029294789,-0.24943674,0.30015612,-0.04151368,0.19368339
3,0.8471628,-0.8588725,0.09526731,-1.1909173,0.3450167,0.3157743,1.1666913,2.0443051E-4,0.59661895,1.2759318
4,1.2811873,-1.3888677,0.7263735,0.043451,0.40619263,1.8350018,-0.15941173,-0.199181,1.1253556,1.2398113
5,2.4436634,0.4793862,-0.6940307,0.18306646,-1.1681991,1.5561272,-1.7857383,-0.35430038,-1.420454,1.5183946
6,1.6168576,-1.2003329,-1.0317376,-0.9160273,1.2370335,2.2116222,-1.4177196,-1.025391,-1.2966692,1.3759445
7,-1.4195168,-1.5853177,0.59558964,-1.0639318,-1.4161713,-0.69724685,-2.9957852,0.53135955,0.22847314,1.5067048
8,-1.9943008,-0.8492278,-1.5189718,1.125774,0.8181778,1.3212209,-0.14032382,1.2674817,-1.5671129,1.4925721
9,1.2052424,1.057752,-0.04912687,1.1276772,1.4556522,1.6641363,-1.6618959,1.0899755,-1.0175557,1.5451605
10,-0.8377146,-1.3504958,-1.346527,-0.15349399,-0.9609404,1.1947086,0.10041644,0.6852651,-1.5098594,1.352535
11,-1.5374672,0.3316071,0.47232708,1.2652091,-0.5317381,1.1937588,-1.5747133,-0.25201687,0.65292346,1.3845031
12,-0.8486849,-0.99090815,-0.08387559,-0.58671695,-0.7870236,1.1103495,-2.0614758,1.247393,-1.632663,1.3808206
13,-1.8819131,0.25036013,-1.4268117,1.3158346,-0.8926358,0.7850879,0.52944547,1.0996019,-1.3565658,1.2811632
14,1.1719905,1.1766368,-1.213506,1.2146745,-1.2334721,0.016830001,-1.6201352,1.153179,-1.0525488,1.4003664
15,0.92587584,1.006068,0.5375484,-0.7051687,-1.1201987,-1.173101,-0.20673099,1.0887331,0.86202514,1.3551311
16,-1.0751348,-1.0551769,0.078184605,0.95307606,0.08862448,-1.3773694,-0.94952536,1.163352,1.1519593,1.2750663
17,-0.5651339,1.4260268,1.3433099,0.64497495,0.06939722,-1.53691,-0.8190024,1.0237272,0.95049953,1.2954352
18,-0.94694763,1.2401679,0.21825027,-0.45723918,-1.1622542,-1.5408673,0.03781766,1.3994151,1.010012,1.3050596
19,-0.5209578,1.0399367,-1.3911647,1.0202081,-0.73675513,-1.5355561,0.6448542,1.1621788,-0.5579752,1.3144299
20,-0.6041169,1.0109105,0.3583953,1.0682676,-0.7643856,-1.6725872,0.22123411,1.0103402,0.791144,1.2661074
21,0.74032134,-0.47709507,-0.48695508,-0.37641743,-1.0641963,-1.6339543,-0.66659534,1.212609,0.5291501,1.4405475
22,0.34171435,-1.139443,-0.93456644,0.07493667,-0.7081441,-1.5322683,0.5382514,1.291644,-0.5196715,1.3771826
23,-0.30446136,0.8211091,-0.58183855,-0.9337818,-1.270972,-1.6501971,1.2049222,1.200998,-0.37676996,1.4541842
24,0.45993406,0.0074880607,1.4787962,-1.0486962,-0.8654354,-1.5320698,0.24570204,1.2085549,0.369182,1.3156862
25,-1.3146826,-0.08829229,-0.40767696,-0.54762596,-1.0384622,-1.3462088,1.4853156,1.1019762,0.7997478,1.4750462
26,0.26762843,-0.07459554,0.6500259,0.5270211,-0.88654494,-1.4600304,-0.48639956,1.0997682,1.0382124,1.3937372
27,-1.0866941,0.5707827,0.25316083,-1.5402759,-1.3429375,-0.9724298,0.42661184,1.4573193,-0.26095822,1.4898793
28,-0.6078907,1.072601,0.31974682,-0.90117455,-1.0773166,-1.6958092,-0.340851,0.9921175,-0.4558293,1.4437429
29,-1.127711,0.07254525,0.37894782,-1.315143,-1.2263772,-1.4966332,-0.863103,0.39138004,0.36787537,1.4589827
30,0.6696707,0.3340805,0.13504165,-1.5646911,-1.3316797,0.5107065,1.1234195,1.3587148,-0.26208034,1.4954218
31,-0.79001856,1.2063388,-1.5872502,-1.5066193,-1.3676728,0.6087316,-1.1523467,0.29440358,0.57144433,1.5098699
32,-1.2174321,-0.4323955,-0.8887023,-0.76757085,-1.1961927,0.75619245,-1.0229928,1.196309,-0.19239411,1.468742
33,0.90873843,0.5231571,-1.1938999,0.6559828,0.012377946,0.8503534,-1.3032296,1.2722596,0.9380012,1.563354
34,-1.0459683,0.85612845,-0.74640465,-1.2082167,-0.82854044,0.92968106,0.13887444,1.2037532,0.7689234,1.5131521
35,1.209659,0.34736413,-0.9875089,0.39704353,0.45147422,0.9610312,-0.55615216,1.2590086,-0.72843033,1.5100993
36,1.1138273,0.37500867,-1.2108747,-0.8966373,-0.7274919,0.88965315,1.8031001,0.03369889,-0.53748816,1.641682
37,1.4630439,-0.62394625,-0.43657872,0.73751724,-0.7551105,0.8362498,1.1126306,1.4275402,-0.37769932,1.5073856
38,1.3186829,-0.6559677,-1.6295815,0.7565595,-0.12441862,1.0286242,-0.86145616,0.027316432,0.6572311,1.597533
39,-0.1256179,-0.41895747,1.6097679,0.012167765,-1.1350784,1.0521998,1.0992321,-0.35140803,0.48716056,1.6390318
40,1.6754403,0.051247038,0.21975498,0.992506,-0.6058135,-0.923935,1.5704035,-0.42146656,0.78474617,1.6202453
41,-0.27369165,0.43026048,-0.38253516,-0.05376029,0.13053352,0.08275956,0.31377918,0.49778724,-0.25229603,0.21808112
42,-0.36699373,-0.37928808,-0.41858238,0.09833336,0.024663031,-0.13051623,-0.41761738,-0.3403163,0.28221357,0.3091529
43,-0.33888155,0.17944098,-0.24468774,0.09887403,-0.33482248,0.47704357,0.35507154,0.40636635,-0.13944417,0.27482313
44,0.06588924,0.08920473,-0.010474563,-0.11565584,-0.03404993,-0.49154514,0.0375821,-0.19184446,-0.11788559,-0.11907506
45,0.23621577,0.47229326,-0.14174396,-0.4465943,0.0020766258,0.27736777,-0.040439487,0.2740327,-0.19627059,-0.30082053
46,0.44481933,-0.0762285,-0.16788715,-0.16470999,-0.34403938,-0.31043065,-0.3017946,-0.2882784,-0.24383748,0.44763225
47,-0.2999634,-0.20803362,-0.38223618,0.27139193,-0.10951257,-0.49510354,0.15728027,-0.2220267,-0.2226659,-0.40677005
48,0.44126981,0.22642165,-0.07163298,-0.37768525,0.1632815,0.33080596,-0.39154255,-0.14935648,0.10402882,0.054889202
49,0.3040539,-0.3026551,-0.06477624,-0.18119425,0.19631279,0.4246685,-0.021207929,-0.36833322,0.32006806,0.14007068
50,0.06969488,0.42993695,-0.074092984,0.39592963,-0.4598487,0.06559664,-0.028838217,0.18629825,0.10917574,-0.13052315
