0,-1.3888567E-10,3.9518173E-11,4.5900553E-12,-6.925076E-11,1.1348749E-11,1.07746666E-10,-1.7165776E-10,1.01265614E-10,-5.901371E-11,8.5779904E-11
1,-1.317378E-10,2.7379102E-11,9.352371E-12,-6.053504E-11,1.4144101E-11,1.032731E-10,-1.616541E-10,8.67836E-11,-4.2249287E-11,7.282616E-11
2,-7.902372E-11,-1.7440714E-12,1.9242082E-11,-2.712827E-11,1.4130756E-11,6.0510534E-11,-9.019871E-11,3.1020474E-11,3.2032846E-12,2.930728E-11
3,-4.5462523E-11,-2.0015494E-11,3.227335E-11,-4.9417614E-12,1.1021417E-11,2.836005E-11,-3.534033E-11,-1.2499414E-11,3.58954E-11,1.6549985E-12
4,-3.823775E-11,-2.3314335E-11,4.005121E-11,2.847023E-12,2.8238295E-12,1.9718246E-11,-1.3282543E-11,-3.2226923E-11,4.030371E-11,-8.875678E-12
5,-4.711182E-11,-1.7179688E-11,3.7749887E-11,2.5635021E-12,-7.347805E-12,3.4691607E-11,-2.346297E-11,-3.4308334E-11,2.0219625E-11,-1.5612048E-11
6,-5.887825E-11,-5.6723294E-12,2.7947512E-11,8.8277074E-13,-1.4720891E-11,6.044032E-11,-5.0719904E-11,-3.331368E-11,-5.0877336E-12,-2.895573E-11
7,-6.831175E-11,1.0078449E-11,1.6079832E-11,1.4103544E-12,-1.8210789E-11,8.062542E-11,-7.132947E-11,-3.9031785E-11,-1.4512829E-11,-4.7861718E-11
8,-7.71704E-11,2.626119E-11,5.6997063E-12,3.4198195E-12,-2.037457E-11,8.8188463E-11,-6.836136E-11,-4.9873126E-11,-4.934323E-13,-6.2709275E-11
9,-8.325739E-11,3.4830663E-11,-1.9470504E-12,1.53027E-12,-2.3411962E-11,8.485299E-11,-4.180293E-11,-5.7892757E-11,2.8777869E-11,-6.320996E-11
10,-8.030988E-11,3.064007E-11,-7.1387705E-12,-1.1089673E-11,-2.873283E-11,7.479643E-11,-8.032973E-12,-5.893932E-11,5.965811E-11,-4.721218E-11
11,-6.634819E-11,1.6790744E-11,-1.23041785E-11,-3.5122495E-11,-3.6791636E-11,6.081783E-11,1.3990105E-11,-5.4995165E-11,8.2666846E-11,-2.2386313E-11
12,-4.6764714E-11,1.7013205E-12,-1.9005865E-11,-6.053786E-11,-4.5249502E-11,4.7340177E-11,1.8272578E-11,-5.042245E-11,9.383006E-11,-1.7104973E-14
13,-2.5832489E-11,-8.402488E-12,-2.466053E-11,-7.221344E-11,-4.8749834E-11,4.0049755E-11,1.5364222E-11,-4.769487E-11,9.294457E-11,1.3939012E-11
14,-2.7712483E-12,-1.3541045E-11,-2.6216435E-11,-6.2598995E-11,-4.2458478E-11,4.140222E-11,2.00259E-11,-4.598126E-11,8.555935E-11,2.109719E-11
15,2.312098E-11,-1.9126955E-11,-2.5803542E-11,-3.781362E-11,-2.2386978E-11,4.6738724E-11,3.584644E-11,-3.8911502E-11,7.9980626E-11,2.7887068E-11
16,4.687643E-11,-2.91867E-11,-2.8703965E-11,-1.2440255E-11,1.31520775E-11,4.8591936E-11,5.351789E-11,-1.7364478E-11,7.923252E-11,4.0582617E-11
17,6.1560486E-11,-4.11107E-11,-3.5032893E-11,1.3467861E-12,5.7621796E-11,4.3755014E-11,6.237501E-11,1.9876172E-11,7.696736E-11,6.008365E-11
18,6.523826E-11,-4.9728752E-11,-3.820318E-11,8.5418326E-13,9.4143034E-11,3.6313307E-11,6.1763254E-11,5.782142E-11,6.519037E-11,7.916418E-11
19,6.045307E-11,-5.5388125E-11,-3.3204006E-11,-7.951414E-12,1.0697151E-10,3.389719E-11,5.9344064E-11,7.552877E-11,4.32501E-11,8.6445094E-11
20,4.891598E-11,-6.149255E-11,-2.2959938E-11,-1.6646155E-11,9.393906E-11,3.9177658E-11,5.975356E-11,6.611111E-11,1.6588049E-11,7.3877356E-11
21,3.3481242E-11,-6.7277295E-11,-1.6555729E-11,-2.1361442E-11,7.004114E-11,4.4917466E-11,6.0573636E-11,4.4310482E-11,-8.512698E-12,4.4757958E-11
22,1.9628561E-11,-6.6858616E-11,-2.008038E-11,-2.5848096E-11,5.3150127E-11,3.6769927E-11,5.5762815E-11,2.7722118E-11,-2.991529E-11,1.1336143E-11
23,1.2931916E-11,-5.752004E-11,-2.9979477E-11,-3.6196865E-11,5.1202317E-11,7.213576E-12,4.434053E-11,1.7425165E-11,-4.8610494E-11,-1.0855861E-11
24,1.3759894E-11,-4.2035212E-11,-3.5044165E-11,-5.1743543E-11,6.016286E-11,-3.3298076E-11,3.4727988E-11,9.197627E-13,-6.614836E-11,-1.2136318E-11
25,1.7595793E-11,-2.2097806E-11,-2.6677915E-11,-6.2884496E-11,6.985762E-11,-6.221445E-11,3.858229E-11,-2.8202902E-11,-7.964083E-11,4.8948233E-12
26,2.1016765E-11,1.8993455E-12,-8.526946E-12,-6.132297E-11,7.264653E-11,-6.505732E-11,5.884689E-11,-5.967663E-11,-8.258097E-11,2.6451659E-11
27,2.3572958E-11,2.6873708E-11,9.393282E-12,-4.618555E-11,6.55775E-11,-4.6198618E-11,8.156598E-11,-7.522547E-11,-6.877293E-11,3.7306408E-11
28,2.5654907E-11,4.5751812E-11,2.2295605E-11,-2.4920125E-11,5.3835086E-11,-2.3862733E-11,8.6186294E-11,-6.484508E-11,-4.309611E-11,3.0605605E-11
29,2.7790933E-11,5.507511E-11,3.416223E-11,-6.124961E-12,4.696094E-11,-1.1229189E-11,6.438335E-11,-3.397808E-11,-1.8021876E-11,1.0674816E-11
30,3.2102848E-11,5.6564427E-11,4.611572E-11,6.2257443E-12,4.9438422E-11,-6.5754715E-12,2.5025416E-11,2.964562E-12,-1.7787108E-12,-1.3078477E-11
31,4.188E-11,5.5814083E-11,5.0704777E-11,1.43384506E-11,5.6961845E-11,-5.6270033E-13,-1.2376794E-11,3.146436E-11,5.945612E-12,-3.239353E-11
32,5.424265E-11,5.6139475E-11,3.905629E-11,2.5748176E-11,5.992622E-11,1.1423549E-11,-3.5387287E-11,4.893787E-11,1.0877923E-11,-4.507796E-11
33,5.888559E-11,5.6367112E-11,1.3264998E-11,4.583258E-11,5.5590997E-11,2.2465611E-11,-4.235318E-11,6.2158965E-11,1.6360807E-11,-5.19483E-11
34,4.9463333E-11,5.2841103E-11,-1.1466657E-11,7.127994E-11,5.172177E-11,2.1680088E-11,-3.8546607E-11,7.614035E-11,2.0908646E-11,-5.3117538E-11
35,3.177979E-11,4.179822E-11,-1.8492437E-11,9.02807E-11,5.3825163E-11,7.439829E-12,-2.871621E-11,8.540799E-11,1.8914943E-11,-4.6928662E-11
36,1.9664093E-11,2.3228837E-11,-4.0388363E-13,8.9245125E-11,5.6214592E-11,-8.543327E-12,-1.4095607E-11,7.8773425E-11,3.819131E-12,-3.4221084E-11
37,2.0578587E-11,2.2719767E-12,3.480325E-11,6.6167086E-11,4.9470313E-11,-1.2041728E-11,4.98191E-12,5.3035493E-11,-2.4020844E-11,-1.9914416E-11
38,2.8014533E-11,-1.4267052E-11,6.737014E-11,3.2539752E-11,3.207783E-11,1.0347742E-12,2.536894E-11,1.4607511E-11,-5.35221E-11,-5.49689E-12
39,3.062168E-11,-2.1168711E-11,7.524242E-11,6.2054767E-12,1.2965309E-11,2.4639747E-11,3.981343E-11,-2.4409355E-11,-6.8344296E-11,1.3785862E-11
40,2.4478327E-11,-1.867162E-11,5.0890358E-11,-2.5975394E-12,1.7374347E-12,5.0989546E-11,4.2733924E-11,-5.2622694E-11,-6.0135494E-11,4.149723E-11
41,1.3346493E-11,-1.0667995E-11,1.00958035E-11,3.7235753E-12,2.4291696E-13,7.2910365E-11,3.2622325E-11,-6.1000184E-11,-3.3786248E-11,6.826931E-11
42,1.3167888E-12,-7.3785115E-14,-1.6254897E-11,1.531128E-11,3.0216311E-12,8.4062306E-11,1.0875999E-11,-5.019234E-11,-5.7336184E-12,7.8253876E-11
43,-1.0349064E-11,1.4348973E-11,-8.393149E-12,2.2402285E-11,4.2679714E-12,7.493406E-11,-2.2675849E-11,-2.8713604E-11,8.198644E-12,6.107141E-11
44,-1.6887604E-11,3.317088E-11,2.4917145E-11,2.2152061E-11,4.93988E-12,4.9648785E-11,-6.248898E-11,-1.1033344E-11,1.0173453E-12,2.9319658E-11
45,-1.07152455E-11,5.1001047E-11,5.4064392E-11,1.7673122E-11,1.2281481E-11,2.2344937E-11,-9.0987586E-11,-3.7133478E-12,-1.8995552E-11,3.5216229E-12
46,5.8328663E-12,5.989532E-11,5.4076764E-11,1.43700685E-11,3.1579784E-11,1.0082737E-11,-8.8356655E-11,-6.858783E-12,-3.3672634E-11,-2.7806004E-12
47,1.5866872E-11,5.455489E-11,2.2266808E-11,1.3178592E-11,5.7271663E-11,1.4331384E-11,-4.8948817E-11,-1.9246405E-11,-3.0686433E-11,5.9057763E-12
48,2.1682985E-12,3.7529722E-11,-2.4492014E-11,1.1188397E-11,7.537076E-11,2.3963541E-11,7.4767284E-12,-4.0488116E-11,-1.5206914E-11,1.708162E-11
49,-3.5189907E-11,1.6772764E-11,-6.777086E-11,4.706345E-12,7.234131E-11,2.8726757E-11,5.165948E-11,-6.520085E-11,-2.663725E-12,2.3278301E-11
50,-7.680976E-11,5.1330875E-12,-9.7558024E-11,-6.8293825E-12,4.769716E-11,2.8293333E-11,6.7166564E-11,-8.223579E-11,-2.9421157E-12,2.5956303E-11
51,-9.938762E-11,1.2017743E-11,-1.1073968E-10,-1.9666806E-11,1.2671364E-11,2.6145499E-11,6.157448E-11,-8.265985E-11,-1.0610606E-11,2.839912E-11
52,-9.0101177E-11,3.3731344E-11,-1.05402576E-10,-2.6588499E-11,-1.7970766E-11,2.0230597E-11,5.31007E-11,-6.883587E-11,-1.2636346E-11,2.888567E-11
53,-5.2377665E-11,5.4531227E-11,-8.2335125E-11,-2.0953897E-11,-3.389466E-11,4.3793398E-12,5.012261E-11,-5.1907117E-11,-2.6712287E-12,2.3368632E-11
54,-4.967374E-12,6.072748E-11,-5.0523214E-11,-1.6185314E-12,-3.182453E-11,-2.135617E-11,4.55637E-11,-3.914527E-11,1.3613266E-11,1.3426711E-11
55,2.5560604E-11,5.3821607E-11,-2.7186663E-11,2.4401994E-11,-1.642348E-11,-4.55497E-11,2.862656E-11,-2.727668E-11,2.5821517E-11,8.3414725E-12
56,2.3724373E-11,4.5156677E-11,-2.4060405E-11,4.5546338E-11,1.2853251E-12,-5.4173933E-11,-3.5243724E-12,-7.989955E-12,2.9230725E-11,1.5327734E-11
57,-2.452344E-12,4.1133624E-11,-3.681971E-11,5.218478E-11,1.0373288E-11,-4.214406E-11,-4.2518315E-11,1.9574162E-11,2.5129818E-11,2.930545E-11
58,-2.9184263E-11,4.0181896E-11,-4.9648834E-11,4.3137452E-11,9.025898E-12,-1.746423E-11,-7.5501105E-11,4.718298E-11,1.4808193E-11,3.638362E-11
59,-3.7513433E-11,3.8607888E-11,-4.8120244E-11,2.1270822E-11,5.8511607E-12,6.967866E-12,-8.851605E-11,6.359601E-11,-2.704969E-12,2.4809156E-11
60,-2.666107E-11,3.7394775E-11,-3.3443456E-11,-7.640851E-12,1.24465846E-11,1.8538457E-11,-7.586576E-11,6.3399466E-11,-2.178451E-11,-3.8079284E-12
61,-9.470372E-12,3.673614E-11,-1.7948426E-11,-3.968751E-11,3.276098E-11,1.2835237E-11,-4.4340174E-11,4.842481E-11,-2.982079E-11,-3.8909053E-11
62,1.9959544E-12,3.3365036E-11,-9.329123E-12,-6.811477E-11,6.004819E-11,-5.1274505E-12,-9.059195E-12,2.4317817E-11,-1.615244E-11,-6.826834E-11
63,6.0464502E-12,2.8230885E-11,-2.500138E-12,-8.369283E-11,8.5190396E-11,-2.3882714E-11,1.6313605E-11,2.1577581E-12,1.4261954E-11,-8.545293E-11
64,1.0601678E-11,2.5549153E-11,1.0898683E-11,-7.821844E-11,1.00858745E-10,-3.485459E-11,3.119763E-11,-6.705916E-12,4.4003447E-11,-8.647082E-11
65,2.3005733E-11,2.5565456E-11,2.6745958E-11,-5.6411712E-11,1.045429E-10,-3.8953386E-11,4.240756E-11,3.449195E-12,5.5244413E-11,-6.9559074E-11
66,4.1085062E-11,1.9610357E-11,3.1659144E-11,-3.2499066E-11,9.4225835E-11,-4.443507E-11,5.1789732E-11,2.435975E-11,3.851579E-11,-3.30908E-11
67,5.4043103E-11,3.576043E-12,2.1822386E-11,-2.0678336E-11,7.5813696E-11,-5.998616E-11,5.327543E-11,3.7209003E-11,-1.8752734E-12,1.5141083E-11
68,5.275164E-11,-1.30573104E-11,1.0149031E-11,-2.1289895E-11,6.052955E-11,-8.590184E-11,4.2015204E-11,2.92828E-11,-5.0842695E-11,6.051227E-11
69,3.6659353E-11,-1.6123856E-11,1.1677252E-11,-2.2650964E-11,5.38275E-11,-1.10768755E-10,2.1629455E-11,2.5640007E-12,-8.709239E-11,8.7397964E-11
70,1.9313441E-11,-2.8531765E-12,2.750418E-11,-1.564165E-11,5.3202515E-11,-1.256495E-10,5.4871723E-12,-2.9463525E-11,-9.464604E-11,9.030458E-11
71,1.644518E-11,1.5973426E-11,4.2649E-11,-1.407612E-12,4.5727224E-11,-1.2568062E-10,3.1646328E-12,-5.6183343E-11,-6.973913E-11,7.223897E-11
72,3.3973963E-11,2.5629651E-11,4.1021273E-11,1.088066E-11,1.9843842E-11,-1.1196064E-10,1.522458E-11,-7.333769E-11,-2.7249054E-11,4.4266927E-11
73,5.9913345E-11,1.7370603E-11,1.915252E-11,1.4751863E-11,-2.59334E-11,-8.450006E-11,3.466729E-11,-7.731849E-11,7.822518E-12,1.9310208E-11
74,7.5665814E-11,-5.9916746E-12,-1.11668825E-11,1.1895081E-11,-7.9427645E-11,-5.0895812E-11,5.3064143E-11,-6.843675E-11,1.4455585E-11,8.382415E-12
75,7.002875E-11,-3.165919E-11,-3.6164204E-11,5.6470987E-12,-1.182055E-10,-2.3522018E-11,6.135475E-11,-5.1748498E-11,-9.329477E-12,1.2127307E-11
76,5.0627096E-11,-4.5921295E-11,-5.3228318E-11,-4.6166083E-12,-1.2657196E-10,-1.3838254E-11,5.579767E-11,-4.1709688E-11,-4.3585354E-11,2.1462951E-11
77,2.8592217E-11,-4.5549207E-11,-6.835866E-11,-2.0780691E-11,-9.9994256E-11,-1.6898925E-11,3.6962388E-11,-4.672088E-11,-6.3033315E-11,2.6934068E-11
78,1.1020867E-11,-3.967922E-11,-8.447852E-11,-3.787174E-11,-5.1907555E-11,-1.706472E-11,1.2619737E-11,-6.237416E-11,-5.7680787E-11,2.7763177E-11
79,-2.398673E-13,-3.528618E-11,-9.290816E-11,-4.538006E-11,-3.672769E-12,-5.4396574E-12,-7.21158E-12,-7.3442995E-11,-3.6296025E-11,2.7720668E-11
80,-2.9612415E-12,-2.7208619E-11,-8.236361E-11,-3.7777007E-11,2.5391815E-11,1.0073961E-11,-1.4631563E-11,-6.802251E-11,-1.2521567E-11,2.70661E-11
81,3.656045E-12,-6.5760813E-12,-5.4248776E-11,-2.1419777E-11,2.8791344E-11,1.632813E-11,-8.419253E-12,-4.731247E-11,8.118895E-12,2.227232E-11
82,1.501103E-11,2.3748592E-11,-2.2771016E-11,-7.302179E-12,1.3381882E-11,1.2497106E-11,6.4104156E-12,-2.0409565E-11,2.770955E-11,1.1250268E-11
83,2.2316019E-11,4.5965724E-11,-3.173049E-12,-1.5623129E-12,-9.1143195E-12,1.01276895E-11,2.1593052E-11,2.3162132E-12,4.561694E-11,-2.6423963E-12
84,1.9410808E-11,4.4648E-11,2.3571154E-12,-3.8618696E-12,-3.1399546E-11,1.75339E-11,2.9603882E-11,1.2995139E-11,5.500444E-11,-1.1692308E-11
85,7.554153E-12,2.268192E-11,4.7089793E-12,-1.2226459E-11,-4.9707582E-11,2.875451E-11,2.5543897E-11,8.32661E-12,4.6918677E-11,-8.0485904E-12
86,-4.9591347E-12,8.72809E-13,1.4455656E-11,-2.4113357E-11,-6.091136E-11,3.207617E-11,1.02862744E-11,-6.1812604E-12,2.2788204E-11,8.75277E-12
87,-1.117324E-11,-2.0432297E-12,2.9922006E-11,-3.1419284E-11,-6.029116E-11,2.3440224E-11,-1.0951629E-11,-1.7523953E-11,-4.8123766E-12,2.944215E-11
88,-1.0357435E-11,1.6663403E-11,3.7386375E-11,-2.255973E-11,-4.5951614E-11,1.0637933E-11,-2.8770732E-11,-1.4853566E-11,-1.7472064E-11,4.1833877E-11
89,-6.047043E-12,4.1867423E-11,2.5851878E-11,3.876823E-12,-2.3400362E-11,3.0299556E-12,-3.61613E-11,-2.7063477E-12,-8.227798E-12,4.618357E-11
90,1.5776182E-12,5.1876628E-11,-4.8949816E-12,3.6398273E-11,1.5759499E-12,1.1003437E-12,-2.948709E-11,3.8109967E-12,1.30812175E-11,5.101393E-11
91,1.2186825E-11,3.6094926E-11,-3.9847885E-11,5.926649E-11,2.2425872E-11,1.6440235E-12,-1.2093977E-11,-4.4961855E-12,2.7147172E-11,6.313233E-11
92,1.8387904E-11,2.3584403E-12,-6.018881E-11,6.662398E-11,3.584802E-11,5.407527E-12,7.414038E-12,-2.0216651E-11,2.2484499E-11,7.703462E-11
93,8.316887E-12,-2.852715E-11,-5.3538944E-11,5.999133E-11,3.9479205E-11,1.4652236E-11,1.5771598E-11,-2.9967268E-11,1.821144E-12,7.823757E-11
94,-1.912252E-11,-3.9594977E-11,-2.52024E-11,4.4000203E-11,3.243565E-11,2.7738025E-11,2.5561348E-12,-3.3037025E-11,-2.3268078E-11,5.894265E-11
95,-4.7732596E-11,-3.056156E-11,8.493315E-12,2.0379204E-11,1.3548624E-11,3.9561014E-11,-2.959409E-11,-3.8903884E-11,-4.161915E-11,1.9736861E-11
96,-5.7180125E-11,-2.0809852E-11,2.8722616E-11,-2.0516221E-12,-1.173047E-11,4.778842E-11,-6.242467E-11,-5.3451202E-11,-4.5572726E-11,-2.5342391E-11
97,-4.1483993E-11,-3.0238746E-11,2.8967096E-11,-1.1478695E-11,-3.429891E-11,5.0541293E-11,-7.700428E-11,-6.737522E-11,-2.952948E-11,-6.090685E-11
98,-1.4887794E-11,-6.084992E-11,1.5945023E-11,-1.2555444E-12,-4.768642E-11,4.718403E-11,-7.1292625E-11,-6.865663E-11,5.28169E-12,-7.632563E-11
99,2.4768887E-12,-9.520421E-11,5.840818E-13,2.3035589E-11,-5.3629674E-11,4.0655514E-11,-5.878302E-11,-5.87666E-11,4.828916E-11,-6.950581E-11
100,1.084382E-12,-1.1415633E-10,-9.220357E-12,4.8128754E-11,-5.7532264E-11,3.5842822E-11,-5.0515363E-11,-5.2101344E-11,8.336068E-11,-4.589954E-11
101,-1.2307796E-11,-1.1324244E-10,-8.245038E-12,6.3248205E-11,-6.110153E-11,3.319424E-11,-4.273637E-11,-5.742394E-11,9.85359E-11,-1.6527951E-11
102,-2.145953E-11,-1.0093645E-10,6.656435E-12,6.508079E-11,-6.16017E-11,3.0493958E-11,-2.6294526E-11,-6.6233165E-11,9.292155E-11,6.1164385E-12
103,-1.1804752E-11,-8.3817474E-11,3.206636E-11,5.44388E-11,-5.5758457E-11,3.0121024E-11,-4.172931E-12,-6.286709E-11,7.426596E-11,1.3786553E-11
104,1.7905549E-11,-6.3702786E-11,5.577745E-11,3.6365813E-11,-4.4767242E-11,3.7325518E-11,6.6638912E-12,-4.5604912E-11,5.4271407E-11,6.6379827E-12
105,5.254177E-11,-4.101551E-11,6.528316E-11,1.8671474E-11,-3.2639738E-11,4.838008E-11,-4.3037665E-12,-2.9312407E-11,3.9030647E-11,-8.344792E-12
106,7.194135E-11,-1.9906281E-11,5.7541916E-11,8.287377E-12,-2.418031E-11,4.9625495E-11,-2.6378991E-11,-2.936615E-11,3.0347076E-11,-2.3314925E-11
107,6.764767E-11,-6.457341E-12,3.7926752E-11,5.2766216E-12,-2.181228E-11,3.1313837E-11,-3.681193E-11,-4.459335E-11,3.171398E-11,-3.3576298E-11
108,5.08331E-11,-3.9692832E-12,1.3847808E-11,2.163586E-12,-2.247566E-11,1.2539463E-12,-2.4318068E-11,-6.054506E-11,4.7382098E-11,-3.9037905E-11
109,3.7409253E-11,-9.850092E-12,-1.0928474E-11,-9.1362E-12,-1.8394297E-11,-2.1287621E-11,2.7044317E-12,-6.419945E-11,7.244672E-11,-4.1328125E-11
110,3.5052183E-11,-1.7090445E-11,-3.3565536E-11,-2.8817128E-11,-6.573523E-12,-2.1956457E-11,2.7083922E-11,-5.394916E-11,9.278976E-11,-4.1906062E-11
111,4.164127E-11,-2.0444367E-11,-5.088071E-11,-4.7991337E-11,5.122476E-12,-3.1072894E-12,3.9743684E-11,-3.5227946E-11,9.734362E-11,-3.980006E-11
112,5.1988754E-11,-2.2254212E-11,-5.881624E-11,-5.5137922E-11,4.4792434E-12,2.0974458E-11,4.259794E-11,-1.5952562E-11,8.7018254E-11,-3.2840917E-11
113,5.913133E-11,-3.0357526E-11,-5.3963337E-11,-4.506548E-11,-1.0326412E-11,3.8780566E-11,4.095429E-11,-5.0185667E-12,6.903734E-11,-2.1348324E-11
114,5.5118046E-11,-4.772934E-11,-3.419067E-11,-2.0098997E-11,-2.5933413E-11,5.048848E-11,3.5708457E-11,-8.763641E-12,4.6549115E-11,-9.132131E-12
115,3.9311818E-11,-6.5890654E-11,-2.227605E-12,1.3091974E-11,-2.5785119E-11,6.245944E-11,2.602892E-11,-2.461751E-11,2.0656081E-11,4.3434115E-13
116,2.2893519E-11,-7.02639E-11,3.2632504E-11,4.6224302E-11,-7.1600243E-12,7.5413564E-11,1.4778073E-11,-3.974971E-11,-4.806315E-12,9.737178E-12
117,1.9225455E-11,-5.0833168E-11,5.8749984E-11,6.975933E-11,1.7028512E-11,7.96836E-11,5.940264E-12,-4.0432796E-11,-2.3706872E-11,2.442447E-11
118,3.3359593E-11,-1.21282056E-11,6.8208175E-11,7.637917E-11,2.95597E-11,6.687877E-11,-7.549918E-13,-2.3392866E-11,-2.9833747E-11,4.5092135E-11
119,5.9388876E-11,2.807311E-11,6.0597416E-11,6.9393505E-11,2.1282988E-11,4.1847133E-11,-9.581273E-12,2.3741952E-12,-2.0660695E-11,6.455511E-11
120,8.440098E-11,5.2562184E-11,3.9812452E-11,6.0808414E-11,-4.808048E-12,1.8227437E-11,-2.297264E-11,2.366685E-11,-4.7521075E-13,7.253173E-11
121,9.452481E-11,5.5104057E-11,1.1851494E-11,5.9444734E-11,-3.719532E-11,6.1284827E-12,-4.0482086E-11,2.9814335E-11,2.0215982E-11,6.233585E-11
122,7.8871736E-11,3.9188024E-11,-1.3723329E-11,6.1899284E-11,-6.011042E-11,4.4418015E-12,-6.1333355E-11,1.5753478E-11,3.1335642E-11,3.4154284E-11
123,3.877681E-11,1.4575894E-11,-2.7666102E-11,6.012205E-11,-6.330521E-11,3.7327034E-12,-8.442731E-11,-1.2873646E-11,3.3725668E-11,-2.4922234E-12
124,-1.1902417E-11,-6.1781713E-12,-2.8521895E-11,5.3281272E-11,-4.994673E-11,-3.1881154E-12,-1.0335643E-10,-3.946766E-11,3.7691836E-11,-3.367043E-11
125,-5.459968E-11,-1.00744335E-11,-2.3259715E-11,5.074871E-11,-3.632258E-11,-1.39402856E-11,-1.10360845E-10,-4.5688647E-11,5.0441474E-11,-5.032554E-11
126,-7.8571774E-11,8.597378E-12,-1.7767454E-11,5.8398515E-11,-3.60603E-11,-2.028786E-11,-1.02496824E-10,-2.5338532E-11,6.580503E-11,-5.458589E-11
127,-8.151484E-11,4.2484738E-11,-9.483494E-12,7.057771E-11,-4.7207533E-11,-1.736369E-11,-8.6433964E-11,1.0781883E-11,6.993583E-11,-5.3428085E-11
128,-6.55973E-11,7.126549E-11,8.633975E-12,7.452248E-11,-5.325837E-11,-8.867048E-12,-7.1430764E-11,4.3633513E-11,5.3853026E-11,-4.9285964E-11
129,-3.976526E-11,7.560639E-11,3.8332892E-11,6.767046E-11,-4.276553E-11,-4.623281E-12,-6.535591E-11,6.1385744E-11,2.4215232E-11,-4.1917313E-11
130,-1.4912457E-11,4.6394808E-11,6.924216E-11,5.5762714E-11,-1.9494874E-11,-1.1595552E-11,-6.530051E-11,5.980382E-11,-3.676651E-12,-3.0331064E-11
131,-1.7620956E-12,-1.669219E-12,8.729459E-11,4.8660496E-11,-1.2900329E-12,-2.7295163E-11,-6.33477E-11,4.2472355E-11,-1.5894815E-11,-1.8800185E-11
132,-2.6332328E-12,-4.1710975E-11,8.217231E-11,4.7260515E-11,-2.232322E-13,-3.955424E-11,-4.8410963E-11,1.2928951E-11,-1.1800066E-11,-1.1233566E-11
133,-1.4235176E-11,-5.2347866E-11,5.6479477E-11,4.7938997E-11,-1.0879315E-11,-3.684205E-11,-2.1590297E-11,-2.2650307E-11,-2.7506352E-12,-7.9992905E-12
134,-3.1736544E-11,-3.6461E-11,2.2010244E-11,4.6450368E-11,-1.5687666E-11,-1.974091E-11,3.5177518E-12,-5.7661095E-11,-1.2488022E-12,-3.5422537E-12
135,-4.9899435E-11,-1.33099235E-11,-7.162895E-12,4.1201136E-11,-5.894225E-12,-7.058526E-13,1.351029E-11,-8.336602E-11,-1.1269085E-11,6.2532674E-12
136,-6.2783494E-11,-8.375314E-13,-2.4991557E-11,3.2340002E-11,8.505527E-12,9.447165E-12,1.0874212E-11,-9.4145435E-11,-2.9412677E-11,1.765568E-11
137,-6.316599E-11,-5.2602683E-12,-3.6298308E-11,2.0679524E-11,9.392354E-12,1.2855355E-11,1.1496059E-11,-9.092646E-11,-4.9286963E-11,2.1186466E-11
138,-4.9226023E-11,-1.9730462E-11,-5.085566E-11,7.931642E-12,-1.0043962E-11,2.0678348E-11,2.5909193E-11,-8.744535E-11,-6.568593E-11,1.3531687E-11
139,-2.1115713E-11,-2.7150558E-11,-7.000908E-11,-9.278962E-12,-4.263168E-11,3.6328943E-11,4.6018248E-11,-9.474135E-11,-6.9372195E-11,1.0870741E-12
140,1.4956847E-11,-1.12776516E-11,-9.086614E-11,-3.760323E-11,-8.067094E-11,5.249015E-11,5.7354833E-11,-1.2260022E-10,-5.48871E-11,-5.7905187E-12
141,5.085107E-11,2.5328416E-11,-1.1233807E-10,-7.71626E-11,-1.2148633E-10,6.3160796E-11,5.7568568E-11,-1.6896408E-10,-2.917783E-11,-4.4498667E-12
142,5.914377E-11,4.447609E-11,-1.02751495E-10,-8.6397875E-11,-1.2104798E-10,5.4769005E-11,4.4179427E-11,-1.6599379E-10,-8.3775695E-12,-7.5931915E-13
